13    b1
 9     0
 9     1
 9     2
 5    66
11    p1
15    a1
 8     0
13    b2
 7    80
 2     1
 1     1
 6     4
 4    16
 5    33
 7    80
 2     0
 1     0
 6     3
 4    22
 5    28
 7    80
 2     0
 1     1
 6     2
 3     0
 5    31
 7    80
 1     0
 3     1
 7    80
 5    10
 7    80
14    b2
 8     1
 8     0
13    b3
 7    80
 2     2
 1     1
 6     4
 4    44
 5    61
 7    80
 2     0
 1     0
 6     3
 4    50
 5    56
 7    80
 2     0
 1     1
 6     2
 3     0
 5    59
 7    80
 1     0
 3     2
 7    80
 5    38
 7    80
14    b3
 8     1
16    a1
12    p1
 7    80
 1     3
 3     0
 1     1
 3     1
 1     1
 3     2
13    c1
 5     6
 7    80
14    c1
10     2
10     1
10     0
14    b1
