28    b1
24     0
24     1
24     2
28    b1
21     0
28     0
28    b1
22     2
28     0
22     1
28     0
22     0
28     0
21     0
28    p1
26    a1
23     0
28    b3
21     0
28     0
21     0
22     2
28     0
21     0
28     0
22     0
28     0
28     0
28     0
21     0
28     0
28     0
28     0
28     0
28     0
21     0
28     0
28     0
28     0
28     0
28     0
21     0
28    b3
23     1
23     0
28    b2
21     0
28     0
21     0
22     1
28     0
21     0
28     0
22     0
28     0
28     0
28     0
21     0
28     0
28     0
28     0
28     0
28     0
21     0
28     0
28     0
28     0
28     0
28     0
21     0
28    b2
23     1
27    a1
21    p1
28     0
25     2
25     1
25     0
28    b1
